13.09596 6.69589 8.14172 10.30837
7.95217 9.42379 9.43562 8.24450
10.37713 6.19543 5.87146 6.80050
6.17829 6.43357 6.26967 7.84303
7.27084 8.42922 6.34219 7.58699
6.40341 6.54345 6.16642 5.91935
6.85230 10.46074 5.61492 5.82748
4.71398 5.75601 8.22246 5.98651
5.89891 11.09932 5.92318 5.55159
6.02230 6.80936 9.79915 6.81343
8.02909 5.15838 5.69784 6.15476
6.72062 6.19606 6.09850 6.28550
5.78594 4.53667 4.06664 4.12229
4.55185 3.42418 5.61924 4.96275
4.85926 4.85334 4.52318 4.14302
4.06566 4.07312 6.03463 3.60576
5.30500 3.50779 4.32124 4.28962
4.04406 4.25395 5.66837 4.17255
